
power = 2175.49548099373
throughput = 5013.17
composite = 3302.44283530439
